Project: DEHESHyrE
Radiance (W/m2srµm)
Time [LocalTime] L6[8.4µm] L5[8,65µm] L4[9.13µm] L1[10.47µm] L3[10.52µm]
L2[11.23µm]
16/09/2022 8:58:54      3.987      3.026      3.041      4.205      3.141      3.599
16/09/2022 8:59:30      3.971      2.987      3.011      4.219      3.157      3.620
16/09/2022 9:00:00      3.943      2.975      2.988      4.165      3.091      3.551
16/09/2022 9:00:29      3.954      2.968      2.981      4.154      3.095      3.555
16/09/2022 9:00:29      3.954      2.968      2.981      4.154      3.095      3.555
16/09/2022 9:01:50     12.926     12.745     12.905     12.303     12.361     11.691
16/09/2022 9:01:50     12.926     12.745     12.905     12.303     12.361     11.691
16/09/2022 9:01:50     12.926     12.745     12.905     12.303     12.361     11.691
16/09/2022 9:02:19     13.087     12.888     13.054     12.475     12.476     11.824
16/09/2022 9:02:19     13.087     12.888     13.054     12.475     12.476     11.824
16/09/2022 9:04:47      4.056      3.083      3.093      4.244      3.205      3.674
16/09/2022 9:04:47      4.056      3.083      3.093      4.244      3.205      3.674
16/09/2022 9:05:16      3.978      3.097      3.134      4.253      3.202      3.658
16/09/2022 9:05:45      3.969      3.009      3.006      4.175      3.106      3.570
16/09/2022 9:06:14      4.095      3.141      3.161      4.303      3.259      3.707
16/09/2022 9:07:51      8.358      8.432      8.662      8.862      8.779      8.592
16/09/2022 9:08:20      8.368      8.445      8.678      8.864      8.792      8.598
16/09/2022 9:08:49      8.373      8.450      8.687      8.855      8.790      8.588
16/09/2022 9:09:18      8.385      8.453      8.686      8.871      8.787      8.589
16/09/2022 9:09:48      8.357      8.441      8.678      8.875      8.793      8.605
16/09/2022 9:13:51      3.930      2.926      2.933      4.140      3.053      3.528
16/09/2022 9:14:20      3.879      2.840      2.853      4.073      2.972      3.463
16/09/2022 9:14:49      3.861      2.839      2.856      4.068      2.963      3.458
16/09/2022 9:15:18      3.858      2.834      2.852      4.072      2.967      3.459
16/09/2022 9:15:47      3.851      2.833      2.843      4.068      2.968      3.460
16/09/2022 9:17:11     13.931     13.769     13.691     13.195     13.080     12.313
16/09/2022 9:17:40     13.322     13.276     13.222     13.182     12.697     12.160
16/09/2022 9:18:09     13.765     13.691     13.874     13.083     13.092     12.337
16/09/2022 9:18:38     14.126     13.940     14.065     13.099     13.231     12.527
16/09/2022 9:19:08     13.934     13.945     14.062     13.206     13.128     12.438
16/09/2022 9:20:19      4.471      3.638      3.686      4.688      3.741      4.130
16/09/2022 9:20:48      4.480      3.665      3.594      4.636      3.685      4.065
16/09/2022 9:21:18      4.386      3.624      3.531      4.595      3.600      3.999
16/09/2022 9:21:47      4.308      3.448      3.482      4.572      3.588      3.996
16/09/2022 9:22:16      4.314      3.398      3.419      4.486      3.518      3.923
16/09/2022 9:25:22      7.715      7.596      7.872      8.334      7.955      7.983
16/09/2022 9:25:51      7.752      7.571      7.821      8.291      7.891      7.931
16/09/2022 9:26:20      7.785      7.617      7.873      8.340      7.933      7.960
16/09/2022 9:26:50      7.827      7.660      7.914      8.384      7.985      8.015
16/09/2022 9:27:19      7.844      7.682      7.959      8.422      8.022      8.066
16/09/2022 9:29:54      3.968      2.970      2.977      4.171      3.083      3.552
16/09/2022 9:30:23      3.982      2.978      2.992      4.171      3.079      3.559
16/09/2022 9:30:52      3.952      2.960      2.959      4.162      3.072      3.544
16/09/2022 9:31:22      3.958      2.969      2.983      4.161      3.072      3.550
16/09/2022 9:31:51      3.975      2.991      2.979      4.175      3.083      3.556
16/09/2022 9:33:45     10.219     10.272     10.425     10.349     10.217      9.910
16/09/2022 9:34:14     10.188     10.256     10.429     10.362     10.233      9.919
16/09/2022 9:34:43     10.198     10.265     10.407     10.350     10.215      9.904
16/09/2022 9:35:13     10.211     10.260     10.418     10.349     10.215      9.903
16/09/2022 9:35:42     10.218     10.283     10.425     10.362     10.234      9.917
16/09/2022 9:37:42      3.900      2.903      2.901      4.120      3.042      3.501
16/09/2022 9:38:11      3.889      2.884      2.904      4.098      2.997      3.483
16/09/2022 9:38:40      3.907      2.895      2.900      4.096      2.991      3.480
16/09/2022 9:38:40      3.907      2.895      2.900      4.096      2.991      3.480
16/09/2022 9:38:40      3.907      2.895      2.900      4.096      2.991      3.480
16/09/2022 10:59:1      4.517      3.701      3.758      4.822      3.839      4.276
16/09/2022 10:59:1      4.517      3.701      3.758      4.822      3.839      4.276
16/09/2022 10:59:1      4.517      3.701      3.758      4.822      3.839      4.276
16/09/2022 10:59:1      4.517      3.701      3.758      4.822      3.839      4.276
16/09/2022 10:59:1      4.517      3.701      3.758      4.822      3.839      4.276
16/09/2022 11:03:3     10.393     10.444     10.558     10.411     10.334      9.988
16/09/2022 11:04:0     10.552     10.585     10.721     10.537     10.464     10.110
16/09/2022 11:04:3     10.702     10.746     10.861     10.662     10.588     10.212
16/09/2022 11:05:0     10.850     10.894     11.009     10.786     10.712     10.335
16/09/2022 11:05:3     10.986     11.013     11.136     10.906     10.829     10.434
16/09/2022 11:10:5      5.971      5.502      5.767      6.475      5.830      6.082
16/09/2022 11:11:2      6.015      5.582      5.685      6.410      5.767      6.029
16/09/2022 11:11:5      6.070      5.635      5.737      6.466      5.831      6.068
16/09/2022 11:12:2      6.150      5.736      5.846      6.589      5.922      6.137
16/09/2022 11:12:5      6.226      5.837      5.921      6.610      6.006      6.220
16/09/2022 11:13:5     16.569     16.356     16.335     15.160     15.111     14.167
16/09/2022 11:14:2     16.680     16.497     16.471     15.226     15.211     14.250
16/09/2022 11:14:5     16.788     16.608     16.593     15.328     15.325     14.340
16/09/2022 11:15:2     16.874     16.678     16.638     15.391     15.359     14.396
16/09/2022 11:15:5     17.012     16.808     16.783     15.459     15.449     14.464
16/09/2022 11:18:0      5.845      5.353      5.471      6.313      5.586      5.893
16/09/2022 11:18:3      5.832      5.341      5.452      6.164      5.537      5.719
16/09/2022 11:18:3      5.832      5.341      5.452      6.164      5.537      5.719
16/09/2022 11:18:3      5.832      5.341      5.452      6.164      5.537      5.719
16/09/2022 11:18:3      5.832      5.341      5.452      6.164      5.537      5.719
16/09/2022 11:24:1      4.969      4.298      4.399      5.404      4.483      4.828
16/09/2022 11:24:1      4.969      4.298      4.399      5.404      4.483      4.828
16/09/2022 11:24:3      4.973      4.290      4.338      5.303      4.457      4.787
16/09/2022 11:25:0      4.925      4.241      4.287      5.331      4.401      4.768
16/09/2022 11:25:0      4.925      4.241      4.287      5.331      4.401      4.768
16/09/2022 11:26:1     10.369     10.356     10.662     10.602     10.415     10.098
16/09/2022 11:26:4     10.132     10.197     10.517     10.426     10.318      9.975
16/09/2022 11:27:1     10.054     10.142     10.354     10.207     10.117      9.800
16/09/2022 11:27:4      9.992     10.113     10.348     10.187     10.113      9.788
16/09/2022 11:28:1     10.155     10.233     10.350     10.182     10.158      9.771
16/09/2022 11:30:1      4.864      4.124      4.177      5.186      4.248      4.658
16/09/2022 11:30:4      4.845      4.146      4.198      5.129      4.265      4.622
16/09/2022 11:31:1      4.846      4.142      4.146      5.121      4.231      4.617
16/09/2022 11:31:4      4.860      4.203      4.265      5.107      4.246      4.602
16/09/2022 11:32:1      4.845      4.081      4.120      5.142      4.217      4.600
16/09/2022 11:33:2      7.729      7.726      7.969      8.381      7.877      8.003
16/09/2022 11:33:5      8.042      7.971      8.073      8.322      7.901      7.961
16/09/2022 11:34:2      8.222      8.213      8.443      8.661      8.231      8.299
16/09/2022 11:34:5      8.328      8.303      8.561      8.769      8.314      8.368
16/09/2022 11:35:2      8.409      8.401      8.576      8.885      8.381      8.446
