Project: DEHESHyrE
Brightness Temperature (ºC)
Time [LocalTime] T6[8.4µm] T5[8,65µm] T4[9.13µm] T1[10.47µm] T3[10.52µm]
T2[11.23µm]
16/09/2022 8:58:54    -12.555    -24.968    -27.969    -19.669    -32.704    -28.059
16/09/2022 8:59:30    -12.716    -25.436    -28.338    -19.512    -32.488    -27.786
16/09/2022 9:00:00    -12.994    -25.591    -28.636    -20.116    -33.384    -28.681
16/09/2022 9:00:29    -12.892    -25.672    -28.716    -20.237    -33.325    -28.629
16/09/2022 9:00:29    -12.892    -25.672    -28.716    -20.237    -33.325    -28.629
16/09/2022 9:01:50     44.055     42.599     42.843     42.315     42.855     42.320
16/09/2022 9:01:50     44.055     42.599     42.843     42.315     42.855     42.320
16/09/2022 9:01:50     44.055     42.599     42.843     42.315     42.855     42.320
16/09/2022 9:02:19     44.777     43.263     43.569     43.309     43.521     43.182
16/09/2022 9:02:19     44.777     43.263     43.569     43.309     43.521     43.182
16/09/2022 9:04:47    -11.878    -24.273    -27.320    -19.239    -31.854    -27.098
16/09/2022 9:04:47    -11.878    -24.273    -27.320    -19.239    -31.854    -27.098
16/09/2022 9:05:16    -12.645    -24.095    -26.817    -19.139    -31.892    -27.293
16/09/2022 9:05:45    -12.741    -25.168    -28.402    -20.006    -33.183    -28.441
16/09/2022 9:06:14    -11.494    -23.577    -26.487    -18.587    -31.149    -26.673
16/09/2022 9:07:51     20.431     19.728     19.573     20.440     19.940     20.390
16/09/2022 9:08:20     20.493     19.807     19.676     20.457     20.034     20.437
16/09/2022 9:08:49     20.525     19.839     19.732     20.394     20.018     20.356
16/09/2022 9:09:18     20.597     19.858     19.727     20.504     19.998     20.366
16/09/2022 9:09:48     20.430     19.782     19.675     20.536     20.040     20.488
16/09/2022 9:13:51    -13.125    -26.203    -29.333    -20.388    -33.902    -28.983
16/09/2022 9:14:20    -13.641    -27.292    -30.368    -21.149    -35.011    -29.846
16/09/2022 9:14:49    -13.821    -27.302    -30.329    -21.203    -35.143    -29.912
16/09/2022 9:15:18    -13.850    -27.362    -30.388    -21.155    -35.091    -29.895
16/09/2022 9:15:47    -13.930    -27.372    -30.497    -21.198    -35.070    -29.879
16/09/2022 9:17:11     48.494     47.272     46.607     47.391     46.982     46.325
16/09/2022 9:17:40     45.826     45.050     44.377     47.320     44.799     45.348
16/09/2022 9:18:09     47.774     46.926     47.465     46.764     47.049     46.473
16/09/2022 9:18:38     49.328     48.032     48.354     46.858     47.831     47.677
16/09/2022 9:19:08     48.508     48.054     48.341     47.453     47.253     47.119
16/09/2022 9:20:19     -7.940    -17.953    -20.417    -14.501    -25.108    -21.471
16/09/2022 9:20:48     -7.861    -17.665    -21.426    -15.047    -25.786    -22.253
16/09/2022 9:21:18     -8.731    -18.111    -22.134    -15.475    -26.829    -23.052
16/09/2022 9:21:47     -9.456    -20.043    -22.701    -15.708    -26.972    -23.086
16/09/2022 9:22:16     -9.406    -20.596    -23.424    -16.618    -27.841    -23.969
16/09/2022 9:25:22     16.470     14.460     14.487     16.675     13.932     15.586
16/09/2022 9:25:51     16.703     14.293     14.145     16.360     13.446     15.163
16/09/2022 9:26:20     16.914     14.597     14.496     16.714     13.767     15.402
16/09/2022 9:26:50     17.178     14.872     14.768     17.035     14.159     15.845
16/09/2022 9:27:19     17.286     15.019     15.064     17.312     14.434     16.254
16/09/2022 9:29:54    -12.747    -25.648    -28.774    -20.045    -33.498    -28.674
16/09/2022 9:30:23    -12.613    -25.556    -28.587    -20.041    -33.547    -28.585
16/09/2022 9:30:52    -12.906    -25.780    -29.002    -20.148    -33.635    -28.775
16/09/2022 9:31:22    -12.853    -25.666    -28.695    -20.152    -33.634    -28.695
16/09/2022 9:31:51    -12.682    -25.386    -28.752    -20.003    -33.494    -28.624
16/09/2022 9:33:45     30.878     30.232     29.954     30.402     29.683     30.168
16/09/2022 9:34:14     30.712     30.146     29.973     30.487     29.788     30.232
16/09/2022 9:34:43     30.767     30.195     29.854     30.409     29.674     30.128
16/09/2022 9:35:13     30.832     30.171     29.914     30.402     29.670     30.123
16/09/2022 9:35:42     30.869     30.293     29.953     30.486     29.795     30.220
16/09/2022 9:37:42    -13.431    -26.483    -29.749    -20.613    -34.047    -29.336
16/09/2022 9:38:11    -13.545    -26.733    -29.705    -20.858    -34.671    -29.573
16/09/2022 9:38:40    -13.358    -26.590    -29.758    -20.888    -34.751    -29.619
16/09/2022 9:38:40    -13.358    -26.590    -29.758    -20.888    -34.751    -29.619
16/09/2022 9:38:40    -13.358    -26.590    -29.758    -20.888    -34.751    -29.619
16/09/2022 10:59:1     -7.520    -17.290    -19.626    -13.127    -23.953    -19.752
16/09/2022 10:59:1     -7.520    -17.290    -19.626    -13.127    -23.953    -19.752
16/09/2022 10:59:1     -7.520    -17.290    -19.626    -13.127    -23.953    -19.752
16/09/2022 10:59:1     -7.520    -17.290    -19.626    -13.127    -23.953    -19.752
16/09/2022 10:59:1     -7.520    -17.290    -19.626    -13.127    -23.953    -19.752
16/09/2022 11:03:3     31.788     31.152     30.692     30.797     30.440     30.723
16/09/2022 11:04:0     32.609     31.896     31.586     31.597     31.280     31.593
16/09/2022 11:04:3     33.378     32.737     32.350     32.389     32.067     32.307
16/09/2022 11:05:0     34.133     33.508     33.147     33.167     32.854     33.167
16/09/2022 11:05:3     34.815     34.122     33.825     33.918     33.590     33.858
16/09/2022 11:10:5      4.467     -0.695     -0.916      2.134     -3.530     -0.930
16/09/2022 11:11:2      4.797     -0.056     -1.587      1.582     -4.101     -1.431
16/09/2022 11:11:5      5.214      0.375     -1.160      2.056     -3.519     -1.060
16/09/2022 11:12:2      5.802      1.170     -0.278      3.090     -2.696     -0.412
16/09/2022 11:12:5      6.359      1.959      0.324      3.263     -1.946      0.360
16/09/2022 11:13:5     59.261     58.199     58.393     57.957     58.003     57.669
16/09/2022 11:14:2     59.690     58.761     58.967     58.300     58.522     58.157
16/09/2022 11:14:5     60.105     59.202     59.482     58.827     59.115     58.689
16/09/2022 11:15:2     60.436     59.480     59.670     59.151     59.288     59.017
16/09/2022 11:15:5     60.963     59.996     60.276     59.500     59.753     59.413
16/09/2022 11:18:0      3.512     -1.914     -3.366      0.755     -5.770     -2.723
16/09/2022 11:18:3      3.416     -2.015     -3.529     -0.541     -6.226     -4.411
16/09/2022 11:18:3      3.416     -2.015     -3.529     -0.541     -6.226     -4.411
16/09/2022 11:18:3      3.416     -2.015     -3.529     -0.541     -6.226     -4.411
16/09/2022 11:18:3      3.416     -2.015     -3.529     -0.541     -6.226     -4.411
16/09/2022 11:24:1     -3.538    -11.269    -13.054     -7.429    -16.742    -13.564
16/09/2022 11:24:1     -3.538    -11.269    -13.054     -7.429    -16.742    -13.564
16/09/2022 11:24:3     -3.507    -11.346    -13.649     -8.390    -17.014    -14.004
16/09/2022 11:25:0     -3.917    -11.817    -14.155     -8.131    -17.612    -14.214
16/09/2022 11:25:0     -3.917    -11.817    -14.155     -8.131    -17.612    -14.214
16/09/2022 11:26:1     31.660     30.680     31.265     32.013     30.962     31.508
16/09/2022 11:26:4     30.418     29.829     30.461     30.892     30.342     30.632
16/09/2022 11:27:1     30.000     29.535     29.556     29.486     29.036     29.384
16/09/2022 11:27:4     29.671     29.376     29.525     29.358     29.011     29.300
16/09/2022 11:28:1     30.537     30.022     29.536     29.327     29.303     29.171
16/09/2022 11:30:1     -4.446    -12.960    -15.252     -9.520    -19.288    -15.425
16/09/2022 11:30:4     -4.613    -12.743    -15.036    -10.071    -19.105    -15.822
16/09/2022 11:31:1     -4.602    -12.779    -15.569    -10.150    -19.479    -15.876
16/09/2022 11:31:4     -4.477    -12.184    -14.368    -10.290    -19.311    -16.037
16/09/2022 11:32:1     -4.612    -13.388    -15.831     -9.945    -19.629    -16.060
16/09/2022 11:33:2     16.557     15.304     15.126     17.017     13.342     15.743
16/09/2022 11:33:5     18.515     16.869     15.813     16.586     13.524     15.410
16/09/2022 11:34:2     19.610     18.379     18.197     19.026     15.982     18.098
16/09/2022 11:34:5     20.251     18.937     18.941     19.790     16.589     18.645
16/09/2022 11:35:2     20.738     19.538     19.038     20.603     17.081     19.254
